         2   5.107134049265900   0.542471972656250   0.870531347656250   0.775167132934570    -236155.49464736
        19  12.949985760762400   0.308143847656250   0.636203222656250   0.137437375903320    -236154.95558848
        22   3.167163889059280   0.433118847656250   0.011328222656250   0.529886457153320    -236154.48934204
        39  13.617961546808401   0.214412597656250   0.917396972656250   1.412896889965820    -236154.95565186
        45  12.314774911613201   0.651825097656250   0.105059472656250   2.001570511840820    -236154.95504883
        51   7.432674549937150   0.848807177734375   0.653533740234375   0.233250139880371    -236155.02783553
        60   5.496525425127160   0.411394677734375   0.965971240234375   2.784169168005370    -236155.29127468
        71   7.068093800619230   0.630100927734375   0.934727490234375   1.312485113317870    -236155.03561037
        81   7.621957509233750   0.520747802734375   0.450449365234375   0.772867626599121    -236154.99775649
        91   6.892565439362120   0.083335302734375   0.512936865234375   2.931337573474120    -236154.98715848
       100   3.241445384652690   0.489504052734375   0.731643115234375   2.440776221911620    -236127.72857742
       116   5.161604512876030   0.294230615234375   0.536369677734375   1.925686802771000    -236155.15825145
       127  10.437202324433899   0.356718115234375   0.973782177734375   2.514360424646000    -236154.95884526
       133   8.975438271533029   0.075524365234375   0.380150927734375   2.416248154333500    -236154.95613316
       142   4.438705052112500   0.013036865234375   0.067713427734375   1.827574532458500    -236155.17252855
       155  12.446118928084900   0.403583740234375   0.302041552734375   0.012497531677246    -236154.95471687
       163  10.702999586169600   0.934727490234375   0.583235302734375   0.895507964489746    -236154.95851393
       169  11.835623293651500   0.497314990234375   0.395772802734375   1.876630667614750    -236154.95444391
       176   3.101888962889010   0.313757958984375   0.587140771484375   3.139826147888180    -236137.70957933
       190   6.272282700629040   0.376245458984375   0.274703271484375   1.766254363513180    -236155.01905479
       202   5.964620430262510   0.095051708984375   0.055997021484375   3.041713877575680    -236154.97112938
       212   3.698929821782920   0.423111083984375   0.134106396484375   0.637963254919434    -236155.81483156
       225   9.618105395672670   0.579329833984375   0.915200146484375   2.502096390856930    -236154.95513542
       233  13.006079598253800   0.766792333984375   0.352812646484375   1.128524606481930    -236154.95571838
       240  12.524612501313900   0.634006396484375   0.844901708984375   1.790782431091310    -236154.95417784
       248   9.262056422734039   0.946443896484375   0.407489208984375   0.024761565466309    -236154.97192256
       258  11.910266671967101   0.727737646484375   0.938632958984375   0.122873835778809    -236154.95574536
       263   4.816713976562220   0.665250146484375   0.501220458984375   1.103996538903810    -236155.49091368
       276  10.503026322235300   0.618384521484375   0.423111083984375   1.153052674060060    -236154.95849197
       284   7.767076418196520   0.805847021484375   0.860523583984375   2.526624458435060    -236154.97017180
       293   6.679272162675430   0.024753271484375   0.766792333984375   0.858715863122559    -236155.04863120
       305   6.059107959385570   0.995262255859375   0.436780224609375   2.728981015954590    -236155.17117815
       317   5.479274591026080   0.057949755859375   0.999167724609375   2.925205556579590    -236155.39658332
       328   7.045910602301270   0.214168505859375   0.468023974609375   1.061072420642090    -236155.00252117
       338   8.835472621348480   0.885909130859375   0.483645849609375   0.619567204235840    -236154.97726266
       348  11.947764707709700   0.823421630859375   0.671108349609375   0.815791744860840    -236154.95653665
       356  13.893609850184800   0.354765380859375   0.452402099609375   0.129005852673340    -236154.95468048
       361   3.072774712394480   0.917152880859375   0.139964599609375   3.072373962048340    -236122.45067932
       373   5.834808154266550   0.175113818359375   0.507078662109375   1.772386380407710    -236155.06218101
       386  13.720008992567200   0.831232568359375   0.288372412109375   1.281825028845210    -236154.95536070
       393   3.710575455460710   0.018895068359375   0.475834912109375   1.478049569470210    -236155.89318678
       405   4.001340284115840   0.690635693359375   0.085288037109375   3.096902029626460    -236155.65238881
       418   9.408779728301370   0.284466943359375   0.866381787109375   0.055421649938965    -236154.96935416
       426  12.723019039049101   0.097004443359375   0.428969287109375   1.821442515563960    -236154.95432468
       432  14.518694274311500   0.468023974609375   0.370387255859375   0.631831238024902    -236154.95461773
       439   3.926579833058700   0.655486474609375   0.432874755859375   0.435606697399902    -236156.34588279
       451   5.583597706130550   0.561755224609375   0.589093505859375   2.495964373962400    -236155.06877927
       463   4.452679778731060   0.421158349609375   0.292277880859375   2.741245049743650    -236155.13724997
       476   7.362911656654970   0.108720849609375   0.354765380859375   1.367673265368650    -236154.98368836
       485   5.725791460241180   0.827327099609375   0.261034130859375   2.839357320056150    -236155.13635388
       496   8.040341809202220   0.022800537109375   0.565660693359375   2.716716982165530    -236154.97055207
       506   7.270911968169300   0.585188037109375   0.378198193359375   0.165797954040527    -236155.01481596
       516   6.914265848960130   0.491456787109375   0.846854443359375   2.029931089978030    -236155.02318318
       525   3.419374723211850   0.428969287109375   0.659391943359375   3.011053793103030    -236144.59349693
       541   3.877517160803360   0.163397412109375   0.331332568359375   0.803527711071777    -236155.61663206
       552  13.634023695181900   0.069666162109375   0.862476318359375   3.060109928259280    -236154.95511095
       559   3.318772837608570   0.771674169921875   0.256152294921875   1.346211206237790    -236153.69217220
       572   8.206314452536921   0.709186669921875   0.318639794921875   2.719782990612790    -236154.96511596
       581   4.719295975399710   0.490480419921875   0.287396044921875   1.051874395300290    -236155.34795573
       595   4.161694378238120   0.974758544921875   0.959136669921875   1.983940963269040    -236131.65123075
         5  13.964761079580700   0.417496972656250   0.245656347656250   1.167616214184570    -236154.95441567
        12   3.776768639972270   0.729934472656250   0.058193847656250   0.971391673559570    -236156.22530998
        25  14.320392324464899   0.870531347656250   0.323765722656250   2.688356404028320    -236154.95426067
        33  11.136298233948301   0.339387597656250   0.542471972656250   1.805345971215820    -236154.95510154
        40   3.011811064698670   0.526850097656250   0.729934472656250   1.609121430590820    -236128.50407747
        54   6.078184328797510   0.973782177734375   0.028658740234375   0.625699221130371    -236155.18506744
        66   5.780042794118830   0.505125927734375   0.309852490234375   0.920036032067871    -236155.10143737
        77   7.816060811253460   0.192688427734375   0.122389990234375   2.293607816442870    -236154.96469616
        86   4.168240525837190   0.395772802734375   0.575424365234375   1.165316707849120    -236155.81610980
        99   8.863290039487209   0.614479052734375   0.356718115234375   2.048327140661620    -236154.96089157
       109  11.985380801487700   0.676966552734375   0.544180615234375   2.637000762536620    -236154.95245219
       115  14.113703128657900   0.669155615234375   0.411394677734375   3.103034046521000    -236154.95330686
       122   3.817050006543620   0.481693115234375   0.348907177734375   2.906809505896000    -236154.70883042
       134   6.002237327002050   0.325474365234375   0.630100927734375   0.061553666833496    -236155.11433206
       146   4.116158299702670   0.716021240234375   0.489504052734375   0.208722072302246    -236156.23867530
       158   3.043933727510670   0.278608740234375   0.926916552734375   0.404946612927246    -236135.66966086
       173   9.678763618895630   0.872239990234375   0.270797802734375   0.699283423864746    -236154.96615574
       181  12.683087869131400   0.438732958984375   0.212215771484375   2.747377066638180    -236154.95312488
       189   9.379250291860570   0.126295458984375   0.524653271484375   0.981356201013184    -236154.95991391
       196   3.607070954549760   0.157539208984375   0.868334521484375   1.668142093200680    -236155.25354755
       210   3.024856950890280   0.048186083984375   0.259081396484375   2.600208661169430    -236153.83882242
       224   4.301347495896320   0.079429833984375   0.415300146484375   0.932300065856934    -236155.38634236
       238  10.635922326757500   0.641817333984375   0.227837646484375   2.305871850231930    -236154.95481351
       245   4.580448931049090   0.259081396484375   0.220026708984375   2.968129674841310    -236155.04288321
       256   7.964875366561810   0.477787646484375   0.688682958984375   0.907771998278809    -236154.99303135
       265   3.221130773670410   0.415300146484375   0.751170458984375   0.319098376403809    -236153.69799173
       279   6.351646617710980   0.930822021484375   0.485598583984375   2.919073539685060    -236155.07246275
       288  12.213577479743700   0.899578271484375   0.141917333984375   0.466266781872559    -236154.95717420
       297   4.939378014849310   0.962065771484375   0.329379833984375   1.447389484997560    -236155.63647768
       310   7.409347115663470   0.870287255859375   0.811705224609375   3.121430097204590    -236154.97787574
       320  11.651055068733800   0.401631005859375   0.780461474609375   2.434644205017090    -236154.95393374
       326  14.247429134224101   0.026706005859375   0.655486474609375   0.472398798767090    -236154.95443700
       333   3.853216195230480   0.839043505859375   0.592998974609375   0.668623339392090    -236155.00159999
       344   9.770468991027620   0.448496630859375   0.546133349609375   2.778037151110840    -236154.95099135
       354  11.361713888378700   0.229790380859375   0.077477099609375   2.876149421423340    -236154.95226394
       360  10.274441491452601   0.667202880859375   0.889814599609375   0.717679474548340    -236154.95991453
       367   4.771504422335130   0.300088818359375   0.882003662109375   1.379937299157710    -236155.66519377
       379   6.452265156943660   0.737501318359375   0.444591162109375   0.791263677282715    -236155.08944943
       389   3.355487630765470   0.956207568359375   0.913247412109375   0.889375947595215    -235970.02097001
       403   5.983399317104000   0.440685693359375   0.335238037109375   2.312003867126460    -236155.01400961
       414  14.795124190130300   0.378198193359375   0.147775537109375   2.900677489001460    -236154.95353402
       419   3.440939593496680   0.659391943359375   0.241506787109375   1.232768893688960    -236155.90853755
       433   4.342102357603050   0.218073974609375   0.620337255859375   2.986525725524900    -236155.32211300
       447   3.053517185115440   0.186830224609375   0.714068505859375   1.318617130212400    -236151.18171325
       461   6.174470861276380   0.124342724609375   0.401631005859375   0.337494427087402    -236155.01573652
       471   6.021134646098440   0.233695849609375   0.979640380859375   0.975224184118652    -236155.20193741
       482   7.001752852928300   0.952302099609375   0.885909130859375   2.446908238806150    -236155.01491825
       490  11.578036207340901   0.639864599609375   0.323521630859375   1.073336454431150    -236154.95659250
       499   6.575113608772440   0.147775537109375   0.190735693359375   3.109166063415530    -236154.96866013
       509   5.945900480919970   0.710163037109375   0.753123193359375   0.558247035290527    -236155.19956417
       520   9.349813533497240   0.553944287109375   0.284466943359375   1.833706549353030    -236154.95896386
       527   5.243371200703750   0.100909912109375   0.518795068359375   0.607303170446777    -236155.13630494
       537   4.741600708208430   0.538322412109375   0.456307568359375   2.765773117321780    -236155.13993696
       550   6.742557636251120   0.132153662109375   0.050138818359375   1.686538143884280    -236154.98851893
       560   7.421001666772630   0.271774169921875   0.756052294921875   2.916007531237790    -236154.98655419
       571   3.669975392122300   0.209286669921875   0.818539794921875   1.149986665612790    -236156.13444535
       582  10.552666606934901   0.990380419921875   0.787296044921875   2.621670720300290    -236154.95125679
       590   7.803785826785410   0.677942919921875   0.474858544921875   0.855649854675293    -236154.99864505
       599   3.077608041076950   0.037446044921875   0.396749169921875   1.787716422644040    -236155.34561135
         4   6.245231012697170   0.917396972656250   0.745556347656250   2.737412539184570    -236155.07357658
        17   8.660177427092581   0.558093847656250   0.886153222656250   0.922335538403320    -236154.97787386
        27   9.576623530444660   0.120681347656250   0.073815722656250   1.903458241528320    -236154.95472566
        35   7.447291477279000   0.589337597656250   0.792421972656250   2.590244133715820    -236154.97777847
        46   3.682976731018900   0.901775097656250   0.854909472656250   1.216672349340820    -236123.22106015
        57   6.721396132536760   0.286419677734375   0.341096240234375   2.391720086755370    -236154.98226015
        67  12.924568600507500   0.005225927734375   0.809752490234375   2.489832357067870    -236154.95551130
        75   9.557827326381510   0.317663427734375   0.497314990234375   1.116260572692870    -236154.96033622
        82   5.097110189242310   0.770697802734375   0.700399365234375   3.127562114099120    -236155.19793641
        95  12.603601107659101   0.708210302734375   0.637911865234375   0.969092167224121    -236154.95597942
       101   7.248092225436370   0.989404052734375   0.231743115234375   0.870979896911621    -236155.04835760
       111   8.015107212445439   0.427016552734375   0.794130615234375   1.852102600036620    -236154.98166841
       121  12.763075927431199   0.231743115234375   0.598857177734375   0.552115018395996    -236154.95528100
       129  10.975565729273200   0.700399365234375   0.255175927734375   1.238900910583500    -236154.95755886
       137   8.116523289266659   0.887861865234375   0.942538427734375   3.004921776208500    -236154.96245344
       144   6.155092296774000   0.466071240234375   0.239554052734375   0.993620234802246    -236155.04830552
       156   4.551742589551250   0.528558740234375   0.676966552734375   1.189844775427250    -236155.64011786
       167   8.752543101235700   0.309852490234375   0.708210302734375   2.857753370739750    -236154.95840161
       175  14.473127381243900   0.122389990234375   0.020847802734375   1.484181586364750    -236154.95396261
       182   3.793127997445460   0.188782958984375   0.962065771484375   0.392682579138184    -236156.06177473
       195   9.863043262908480   0.782414208984375   0.243459521484375   2.845489336950680    -236154.95641931
       203  13.337296742051000   0.594951708984375   0.555897021484375   1.471917552575680    -236154.95484991
       208   4.523216154882320   0.798036083984375   0.009131396484375   1.815310498669430    -236155.73669722
       219  11.184535947481800   0.860523583984375   0.446543896484375   2.403984120544430    -236154.95441567
       229  11.761447716274301   0.204404833984375   0.790225146484375   1.324749147106930    -236154.95684664
       237   4.756529065207520   0.141917333984375   0.727737646484375   0.736075525231934    -236155.50205197
       250  13.850004783337500   0.196593896484375   0.157539208984375   0.809659727966309    -236154.95383397
       255   3.562000550389150   0.977687646484375   0.188782958984375   2.477568323278810    -236151.41669107
       269   5.890092411034760   0.790225146484375   0.876145458984375   2.281343782653810    -236155.13327281
       280  14.202713606258399   0.430922021484375   0.985498583984375   1.349277214685060    -236154.95503753
       287   5.462077898633480   0.399678271484375   0.641817333984375   2.036063106872560    -236155.13129553
       299   6.040091461121040   0.587140771484375   0.204404833984375   1.839838566247560    -236155.05780287
       312  14.982328604453800   0.932774755859375   0.124342724609375   1.747858312829590    -236154.95503565
       319   5.210510228656440   0.901531005859375   0.280561474609375   0.864847880017090    -236155.44987707
       330  10.536093831744900   0.964018505859375   0.218073974609375   0.276174258142090    -236154.96203803
       337   3.951343478934690   0.386009130859375   0.983545849609375   2.189363529235840    -236154.20409945
       349   3.573215078798320   0.573471630859375   0.421158349609375   1.600689907360840    -236155.24781023
       363   3.757525795046640   0.542227880859375   0.264939599609375   0.325230393298340    -236156.18910017
       376   7.890117250022450   0.612526318359375   0.819516162109375   1.183712758532710    -236154.99453674
       388  11.219749107713600   0.706257568359375   0.163397412109375   1.674274110095210    -236154.95657869
       394   8.297098954052389   0.518795068359375   0.975734912109375   3.047845894470210    -236154.97672488
       404  13.379287609570399   0.940585693359375   0.835138037109375   0.742207542126465    -236154.95384275
       409   3.618427381681490   0.253223193359375   0.522700537109375   2.508228407751460    -236154.73045001
       423   3.805070202699290   0.346954443359375   0.678919287109375   1.036544353063960    -236156.21915097
       436   7.939877621084970   0.842948974609375   0.495362255859375   1.809178481774900    -236154.98508645
       443   4.801596729338700   0.030611474609375   0.307899755859375   1.612953941149900    -236155.15459056
       455   5.049268843332350   0.499267724609375   0.026706005859375   3.084637995837400    -236155.10830986
       468  12.175245191145400   0.296183349609375   0.917152880859375   3.133694130993650    -236154.95523645
       477   4.923875786785900   0.358670849609375   0.604715380859375   2.152571427868650    -236155.21878729
       488   7.742699464325230   0.389914599609375   0.073571630859375   0.288438291931152    -236154.96989821
       497   5.376900633600570   0.272750537109375   0.315710693359375   0.362022494665527    -236155.07789259
       511   5.654247612475470   0.366481787109375   0.471929443359375   1.637482008728030    -236155.09140726
       522  13.981232271960801   0.303994287109375   0.034516943359375   2.618604711853030    -236154.95357794
       528  11.724534436038301   0.600809912109375   0.018895068359375   2.177099495446780    -236154.95514107
       535   3.170899503683730   0.288372412109375   0.206357568359375   1.980874954821780    -236155.08281540
       549   3.015363443373560   0.632053662109375   0.550038818359375   0.116741818884277    -236151.69704913
       562  11.096985797849101   0.521724169921875   0.506102294921875   2.131109368737790    -236154.95371662
       570   6.710840299474190   0.834161669921875   0.193664794921875   0.757537584362793    -236155.06871213
       579   3.155983429862800   0.740430419921875   0.037446044921875   0.266976232800293    -236150.20184026
       594   7.609987360548710   0.099933544921875   0.084311669921875   2.376390044519040    -236154.96575665
         9  10.327058424802200   0.604959472656250   0.683068847656250   1.363840754809570    -236154.95831941
        16   3.872949084837650   0.058193847656250   0.386253222656250   2.492131863403320    -236155.42874882
        30   5.237194021604880   0.245656347656250   0.698690722656250   2.295907322778320    -236155.18896679
        42   4.503708004865750   0.276900097656250   0.979884472656250   2.394019593090820    -236155.93104066
        55  13.591233338965200   0.473882177734375   0.528558740234375   2.195495546130370    -236154.95372415
        62   3.675748089110200   0.661344677734375   0.716021240234375   1.999271005505370    -236148.75352204
        76   3.495448658046980   0.692588427734375   0.622289990234375   0.723811491442871    -236154.25010531
        90   3.082448972355880   0.583235302734375   0.013036865234375   1.361541248474120    -236154.32262533
       107  14.656257532773299   0.801941552734375   0.919105615234375   0.674755356286621    -236154.95418475
       113   9.438402134605360   0.419205615234375   0.161444677734375   2.318135884021000    -236154.95473382
       120   5.707821075145450   0.731643115234375   0.098957177734375   2.121911343396000    -236155.13573516
       132   4.013938020600210   0.575424365234375   0.880050927734375   0.846451829333496    -236155.21490803
       149   7.526721039043770   0.341096240234375   0.614479052734375   1.386069316052250    -236154.99606284
       159   6.806442733718190   0.778508740234375   0.427016552734375   1.974742937927250    -236155.02490695
       171   7.914958330982530   0.747264990234375   0.145822802734375   2.661528830114750    -236154.98050626
       180   5.672049327996160   0.938632958984375   0.712115771484375   1.177580741638180    -236155.25942606
       192   6.595814559633060   0.532464208984375   0.993309521484375   0.490794849450684    -236155.09444190
       205  10.906780258089199   0.969876708984375   0.930822021484375   1.864366633825680    -236154.94928829
       215  12.368117285527500   0.173161083984375   0.883956396484375   2.992657742419430    -236154.95552699
       221  13.676948771665799   0.735548583984375   0.071618896484375   0.441738714294434    -236154.95496223
       227  14.382422181076400   0.329379833984375   0.665250146484375   1.717198228356930    -236154.95446650
       236   7.112669940501380   0.391867333984375   0.477787646484375   3.090770012731930    -236154.96775903
       249   6.193910436847990   0.696493896484375   0.657439208984375   2.379456052966310    -236155.03804637
       260  14.564404629237099   0.852712646484375   0.563707958984375   2.870017404528810    -236154.95340600
       264  10.770499879766501   0.165350146484375   0.001320458984375   2.673792863903810    -236154.95221625
       273   5.743818422923380   0.493409521484375   0.548086083984375   0.760603592810059    -236155.15864176
       286  11.614488255602200   0.055997021484375   0.610573583984375   1.741726295935060    -236154.95559664
       292   9.987841487901530   0.274703271484375   0.016942333984375   1.643614025622560    -236154.95515425
       301   4.039252605795570   0.337190771484375   0.454354833984375   2.624736728747560    -236155.14968595
       318  12.252030452921700   0.557849755859375   0.499267724609375   1.355409231579590    -236154.95550314
       324   9.527830104350951   0.776556005859375   0.905436474609375   1.257296961267090    -236154.95850577
       332  12.884004867692600   0.589093505859375   0.343048974609375   3.023317826892090    -236154.95299499
       339   3.231272114767920   0.011084130859375   0.608620849609375   1.012016285485840    -236154.84264807
       355   6.213411215574790   0.854665380859375   0.952302099609375   1.698802177673340    -236155.12033670
       364   8.402083104933221   0.042327880859375   0.764839599609375   1.895026718298340    -236154.97785001
       374  13.047027668610101   0.675013818359375   0.007178662109375   0.202590055407715    -236154.95464094
       382   9.648386838551840   0.987451318359375   0.694541162109375   1.576161839782710    -236154.95731915
       390   7.503098440051310   0.456307568359375   0.413347412109375   2.459172272595210    -236154.96906801
       402  10.941118938088399   0.565660693359375   0.710163037109375   2.704452948376460    -236154.95154732
       410   8.091049597086400   0.753123193359375   0.022800537109375   0.938432082751465    -236154.98470806
       420   7.694174837529060   0.159491943359375   0.741406787109375   2.802565218688960    -236154.98423743
       431   6.492957468379510   0.967923974609375   0.870287255859375   2.201627563024900    -236155.07228391
       442  13.129310975369700   0.905436474609375   0.682824755859375   2.790301184899900    -236154.95269316
       448   6.827871996381930   0.686730224609375   0.214168505859375   2.888413455212400    -236155.00140169
       459   4.129117526838000   0.874192724609375   0.151681005859375   1.122392589587400    -236156.30505451
       475   3.292794195321220   0.608620849609375   0.854665380859375   2.937469590368650    -236070.57795568
       492  14.158138417888200   0.764839599609375   0.198546630859375   2.250683698181150    -236154.95448344
       500  14.702400988999100   0.647675537109375   0.690635693359375   1.539369738415530    -236154.95438429
       507   3.976263300969870   0.460213037109375   0.503173193359375   1.343145197790530    -236155.84585500
       523   5.113157824893480   0.678919287109375   0.909341943359375   2.226155630603030    -236155.32538044
       536   7.090346840057160   0.788272412109375   0.706257568359375   0.411078629821777    -236155.04888032
       546  12.329299974056500   0.507078662109375   0.175113818359375   0.509190900134277    -236154.95480472
       555   3.334458300394030   0.194641162109375   0.487551318359375   2.667660847009280    -236153.41808422
       569   3.001179019153870   0.334261669921875   0.693564794921875   2.327333909362790    -236128.86550159
       587   5.218706113775150   0.927892919921875   0.724808544921875   1.640548017175290    -236155.36182557
         8   4.618400929093940   0.105059472656250   0.183168847656250   2.933637079809570    -236155.01978647
        21  10.590050725399101   0.183168847656250   0.761178222656250   2.884580944653320    -236154.95545608
        29   7.831431697225920   0.495606347656250   0.448740722656250   1.511009160278320    -236154.98216979
        38   6.090137546728350   0.714312597656250   0.417496972656250   2.982693214965820    -236155.02801563
        48   4.970529045315460   0.598857177734375   0.403583740234375   2.587944627380370    -236155.14487107
        63   8.219222595415349   0.161444677734375   0.216121240234375   0.429474680505371    -236154.96099762
        70   3.160947641905890   0.130200927734375   0.434827490234375   2.882281438317870    -236152.40557572
        84   6.232973390147540   0.645722802734375   0.825374365234375   0.380418545349121    -236155.15055003
        96   5.927239284101160   0.864429052734375   0.606668115234375   1.263428978161620    -236155.17588949
       108   5.360025241669480   0.177066552734375   0.044280615234375   1.067204437536620    -236155.03492953
       123   8.535183288147540   0.981593115234375   0.848807177734375   1.337013180896000    -236154.96444703
       131   7.339803173082930   0.450449365234375   0.005225927734375   0.454002748083496    -236154.97889732
       143   9.925246228595290   0.512936865234375   0.567613427734375   0.257778207458496    -236154.96255949
       152   3.722257754009230   0.153633740234375   0.551991552734375   2.367192019177250    -236155.42872623
       168   5.293051648136930   0.997214990234375   0.895672802734375   0.306834342614746    -236155.34228429
       183   8.481692049645700   0.688682958984375   0.462165771484375   1.962478904138180    -236154.96647891
       193  14.748689722322400   0.032564208984375   0.493409521484375   2.060591174450680    -236154.95416780
       200   3.988782085602350   0.844901708984375   0.305947021484375   2.256815715075680    -236155.30807373
       214   5.531190200825920   0.673061083984375   0.384056396484375   1.422861417419430    -236155.18396805
       226   6.432014735597520   0.829279833984375   0.165350146484375   0.147401903356934    -236155.09393989
       239   5.601176988956300   0.134106396484375   0.345001708984375   0.220986106091309    -236155.03113811
       253   3.387280559488610   0.071618896484375   0.532464208984375   1.202108809216310    -236155.99291435
       267   3.938942195294690   0.040375146484375   0.626195458984375   3.066241945153810    -236155.64830937
       282   9.497927028542000   0.680872021484375   0.735548583984375   0.564379052185059    -236154.96684224
       291   4.466698503088090   0.774603271484375   0.516842333984375   0.073817700622559    -236155.94304555
       306  13.548577280196200   0.495362255859375   0.936680224609375   1.159184690954590    -236154.95527724
       314  10.019287000199400   0.182924755859375   0.374292724609375   2.532756475329590    -236154.95254820
       325   6.371644009747190   0.526606005859375   0.155586474609375   2.042195123767090    -236155.02063988
       340   7.225344102420560   0.510984130859375   0.108720849609375   2.581812610485840    -236154.98144940
       350   7.989951814420320   0.073571630859375   0.921058349609375   0.030893582360840    -236155.00264040
       362   6.870933136456420   0.417252880859375   0.639864599609375   1.502577637048340    -236155.02401776
       372   8.725073262142130   0.425063818359375   0.257128662109375   0.987488217907715    -236154.96485680
       381   4.314889768843240   0.487551318359375   0.194641162109375   0.006365514782715    -236155.49765564
       395   3.034380347568520   0.393820068359375   0.100909912109375   1.870498650720210    -236154.71847838
       406   8.947268876391350   0.190735693359375   0.585188037109375   1.527105704626460    -236154.96429894
       416  14.069407299494401   0.534416943359375   0.616431787109375   0.840319812438965    -236154.95517746
       425   5.689907090067560   0.596904443359375   0.928869287109375   0.251646190563965    -236155.29111592
       437   5.309716181799830   0.592998974609375   0.745312255859375   1.024280319274900    -236155.33703580
       450  10.210050068124200   0.436780224609375   0.464118505859375   2.103515292712400    -236154.95419792
       457   3.376649586198020   0.749217724609375   0.276656005859375   2.299739833337400    -236149.93369041
       472  13.463666370355300   0.733595849609375   0.479740380859375   2.545020509118650    -236154.95340600
       480  10.470062595038501   0.202452099609375   0.635959130859375   1.662010076306150    -236154.95714220
       489   5.177855201113640   0.139964599609375   0.823421630859375   2.643132779431150    -236155.30957662
       501   4.397043479985110   0.897625537109375   0.440685693359375   2.324267900915530    -236155.44153370
       515   3.092153690556030   0.991356787109375   0.346954443359375   0.460134764978027    -236116.52064577
       530   7.840668734462800   0.350859912109375   0.268845068359375   2.961997657946780    -236154.95833948
       539   5.798240560571670   0.913247412109375   0.081382568359375   0.018629548571777    -236155.22363794
       551   6.097320757853940   0.569566162109375   0.362576318359375   1.490313603259280    -236155.06879370
       564  13.569888548773999   0.896649169921875   0.881027294921875   0.953762124987793    -236154.95371286
       573   5.487893229721960   0.959136669921875   0.568589794921875   0.365088503112793    -236155.36332845
       585   6.381666303156010   0.552967919921875   0.849783544921875   1.248098935925290    -236155.09905786
       597   6.223184616313570   0.224908544921875   0.709186669921875   2.768839125769040    -236155.03679511
        10   3.088510845825670   0.854909472656250   0.433118847656250   2.148738917309570    -236106.84988705
        24   6.404274140393940   0.370631347656250   0.823665722656250   1.118560079028320    -236155.09663002
        37   9.106879757969820   0.964262597656250   0.667446972656250   0.627998727465820    -236154.96718235
        47   8.235386330108220   0.401875097656250   0.355009472656250   2.786468674340820    -236154.95576921
        58   4.494868499539980   0.036469677734375   0.591046240234375   0.037025599255371    -236155.40174082
        72   6.391704361156350   0.067713427734375   0.747264990234375   1.901158735192870    -236155.06531165
        85  13.937352202317200   0.145822802734375   0.325474365234375   1.950214870349120    -236154.95399649
        93   8.428536048537120   0.458260302734375   0.887861865234375   0.184194004724121    -236154.98863564
       103  10.838425875485299   0.239554052734375   0.481693115234375   0.086081734411621    -236154.95585204
       110   3.584464914795370   0.926916552734375   0.294230615234375   0.282306275036621    -236154.79582583
       126   4.667658778470610   0.856618115234375   0.473882177734375   0.944564099645996    -236155.74130878
       141  14.841704851250499   0.262986865234375   0.817563427734375   1.042676369958500    -236154.95497541
       147   9.204009764285130   0.216121240234375   0.989404052734375   1.778518397302250    -236154.97245092
       157  10.178005846317500   0.028658740234375   0.177066552734375   2.759641100427250    -236154.95165463
       165  13.088104659019001   0.559802490234375   0.958160302734375   2.072855208239750    -236154.95431276
       172   4.328474678000500   0.372339990234375   0.770697802734375   2.269079748864750    -236155.46717939
       185  11.469365055533700   0.501220458984375   0.649628271484375   2.943601607263180    -236154.95179895
       191  14.025250492702501   0.876145458984375   0.774603271484375   0.196458038513184    -236154.95484300
       201   8.919187890840229   0.345001708984375   0.805847021484375   0.687019390075684    -236154.97428513
       209  10.114218799242099   0.298136083984375   0.509031396484375   0.245514173669434    -236154.95825352
       217   7.479549980538740   0.110673583984375   0.196593896484375   1.619085958044430    -236154.97634838
       228   5.259879321479780   0.704304833984375   0.290325146484375   2.894545472106930    -236155.14342654
       242   8.375713183840160   0.384056396484375   0.594951708984375   2.575680593591310    -236154.95872164
       251   5.065165856285620   0.821468896484375   0.782414208984375   0.417210646716309    -236155.52519264
       266   7.202667374343540   0.915200146484375   0.251270458984375   1.888894701403810    -236155.03247408
       278   7.023797025907040   0.368434521484375   0.173161083984375   0.368154511560059    -236154.98917844
       290   8.167711528656939   0.149728271484375   0.391867333984375   1.251164944372560    -236154.96980471
       300  13.506055097382699   0.087240771484375   0.704304833984375   0.270042241247559    -236154.95491391
       308  11.079558179052301   0.120437255859375   0.561755224609375   2.336531934704590    -236154.95448156
       313   4.480761363705170   0.682824755859375   0.874192724609375   0.962960150329590    -236155.53716615
       327   3.151027014026420   0.714068505859375   0.967923974609375   2.630868745642090    -235909.88635812
       346  14.610258897692900   0.698446630859375   0.796083349609375   1.993138988610840    -236154.95369278
       353   5.081112919063670   0.729690380859375   0.577377099609375   1.306353096423340    -236155.38186634
       370   7.135063322530500   0.050138818359375   0.132153662109375   2.164835461657710    -236154.97562361
       380  14.427703499779399   0.237601318359375   0.944491162109375   2.361060002282710    -236154.95493399
       385   6.135774551857720   0.331332568359375   0.788272412109375   2.851621353845210    -236155.05501799
       397   4.537456954498210   0.643770068359375   0.350859912109375   2.655396813220210    -236155.26446308
       411   4.424774185145600   0.128248193359375   0.897625537109375   0.545983001501465    -236156.06444792
       424   8.508395632394510   0.846854443359375   0.179019287109375   2.606340678063960    -236154.97391741
       434   9.709236036862521   0.717973974609375   0.120437255859375   1.416729400524900    -236154.96149586
       444  10.736696687342000   0.530511474609375   0.807799755859375   0.043157616149902    -236154.96064119
       453   3.733976832863390   0.311805224609375   0.839043505859375   1.711066211462400    -236155.02471932
       469   3.641247611529760   0.046233349609375   0.167302880859375   0.778999643493652    -236155.49737075
       481   3.131279068160150   0.452402099609375   0.386009130859375   0.877111913806152    -236155.76251484
       495   3.595750169541960   0.522700537109375   0.065760693359375   1.146920657165530    -236156.01832158
       510  13.295437662785700   0.210263037109375   0.253223193359375   2.128043360290530    -236154.95374423
       514   8.455072276038180   0.116531787109375   0.721879443359375   0.852583846228027    -236154.97630947
       526   7.645954321646220   0.928869287109375   0.159491943359375   1.441257468103030    -236155.01730530
       538  10.602541505715200   0.038422412109375   0.956207568359375   1.195976792321780    -236154.96132267
       548  10.082475343682001   0.882003662109375   0.300088818359375   2.471436306384280    -236154.95818825
       557   4.986178155527200   0.944491162109375   0.237601318359375   1.882762684509280    -236155.57469623
       568  10.035046862789001   0.084311669921875   0.443614794921875   1.542435746862790    -236154.95643750
       576  12.904270795429200   0.615455419921875   0.662321044921875   0.659425314050293    -236154.95611936
       584   9.542816928584870   0.802917919921875   0.099933544921875   2.032997098425290    -236154.96302133
       593   3.403289809220220   0.599833544921875   0.584211669921875   0.806593719519043    -236155.12312598
        11   6.906120200511580   0.355009472656250   0.933018847656250   0.578942592309570    -236155.07051120
        18   5.791409693743820   0.808043847656250   0.136303222656250   1.707233700903320    -236155.16479951
        31  11.710721843664000   0.745556347656250   0.198790722656250   0.726110997778320    -236154.95693198
        41   6.734614276052250   0.026950097656250   0.230034472656250   0.039325105590820    -236154.97361055
        53   9.089005528105281   0.723832177734375   0.778508740234375   2.980393708630370    -236154.94973257
        61  12.290604490640300   0.911294677734375   0.466071240234375   1.214372843005370    -236154.95625176
        68   4.726719203828060   0.880050927734375   0.184877490234375   2.097383275817870    -236155.64833698
        83  11.397484871952599   0.270797802734375   0.200499365234375   1.557765789099120    -236154.95445269
        92   3.769355911067290   0.958160302734375   0.387961865234375   1.753990329724120    -236152.83101836
       106   6.554477627804880   0.302041552734375   0.419205615234375   2.244551681286620    -236154.99427382
       117  11.541698563760500   0.794130615234375   0.036469677734375   0.355890477770996    -236154.95672177
       128   4.908422212434390   0.200499365234375   0.755075927734375   2.808697235583500    -236155.31283151
       138   5.427846259812420   0.637911865234375   0.192688427734375   0.650227288708496    -236155.18487041
       150   5.033421723122580   0.091146240234375   0.364529052734375   2.170967478552250    -236155.09188480
       162   4.786526927565490   0.434827490234375   0.083335302734375   2.465304289489750    -236155.14008819
       174   6.472579334294960   0.622289990234375   0.520747802734375   3.053977911364750    -236154.98989066
       184   5.129255984586800   0.001320458984375   0.149728271484375   1.373805282263180    -236155.06163445
       198   5.393829155664450   0.907389208984375   0.618384521484375   2.453040255700680    -236155.24656086
       213   8.271058525507790   0.923011083984375   0.634006396484375   2.207759579919430    -236154.97031488
       223   9.146326892710681   0.485598583984375   0.321568896484375   1.226636876794430    -236154.96258584
       231   7.865354132745490   0.954254833984375   0.540275146484375   0.539850984606934    -236155.00562044
       241   3.745732807821560   0.883956396484375   0.095051708984375   1.005884268591310    -236156.26996104
       257   5.326433181733740   0.227837646484375   0.438732958984375   1.692670160778810    -236155.11110039
       272   8.589011878274469   0.243459521484375   0.298136083984375   3.115298080310060    -236154.95248984
       281   4.247602096230500   0.180972021484375   0.235648583984375   2.134175377185060    -236155.24416001
       294  14.935306595964301   0.524653271484375   0.266892333984375   2.428512188122560    -236154.95378063
       303   4.051969704644570   0.245412255859375   0.186830224609375   1.944082853454590    -236155.38337801
       316   8.193426581667250   0.307899755859375   0.249317724609375   0.570511069079590    -236154.96715160
       329   4.711884405019550   0.464118505859375   0.717973974609375   1.845970583142090    -236155.41903812
       341   4.831878818612320   0.760934130859375   0.858570849609375   0.227118122985840    -236155.61809165
       351   3.397945003114270   0.479740380859375   0.827327099609375   0.521454933923340    -236152.82865893
       369   3.190897322588740   0.550038818359375   0.632053662109375   0.595039136657715    -236153.72219100
       384   9.175122997968620   0.081382568359375   0.038422412109375   0.496926866345215    -236154.95237501
       396   6.785080726752640   0.893720068359375   0.600809912109375   0.300702325720215    -236155.07946136
       407   5.410810975134920   0.503173193359375   0.772650537109375   1.723330245251460    -236155.23014521
       422  11.505474965802099   0.909341943359375   0.991356787109375   2.017667056188960    -236154.95021324
       430   6.957871846610960   0.721879443359375   0.303994287109375   0.644095271813965    -236155.04003620
       441   5.871606367732150   0.405536474609375   0.182924755859375   1.220504859899900    -236155.05276711
       454   8.349426024691921   0.811705224609375   0.339143505859375   0.141269886462402    -236154.98812987
       462  13.806536570905701   0.624242724609375   0.901531005859375   1.907290752087400    -236154.95396010
       470   8.142077182289290   0.546133349609375   0.667202880859375   2.348795968493650    -236154.96359048
       478  11.010120972018500   0.858570849609375   0.104815380859375   0.582775102868652    -236154.95889734
       487   3.462640466316480   0.889814599609375   0.573471630859375   1.858234616931150    -236134.19116571
       503   4.862351887050260   0.835138037109375   0.628148193359375   2.520492441540530    -236155.27439655
       517   4.623848252521660   0.241506787109375   0.097004443359375   1.245032927478030    -236155.17463573
       529   3.506453655863210   0.850759912109375   0.768745068359375   1.392201332946780    -236128.26752083
       543   3.687320737903240   0.757028662109375   0.924963818359375   2.863885387634280    -236106.50313410
       556   7.456075427819470   0.694541162109375   0.987451318359375   1.097864522009280    -236155.01060287
       567   4.487809388518430   0.584211669921875   0.943514794921875   3.112232071862790    -236154.98186042
       580   7.056993485036170   0.240530419921875   0.537346044921875   1.836772557800290    -236154.99843609
       591   5.089105268360060   0.349883544921875   0.834161669921875   0.021695557019043    -236155.49196915
       600   6.881740787948020   0.537346044921875   0.896649169921875   0.217920097644043    -236155.07178755
         7   9.338798583281690   0.667446972656250   0.495606347656250   0.382718051684570    -236154.96808784
        15  12.628387060602201   0.979884472656250   0.808043847656250   1.756289836059570    -236154.95270194
        26   4.282796241799660   0.620581347656250   0.573715722656250   0.333661916528320    -236156.01637505
        34   3.330529998290130   0.089437597656250   0.292521972656250   1.020447808715820    -236155.83637521
        50   3.323993109658430   0.348907177734375   0.153633740234375   1.803046464880370    -236155.70456559
        65   8.643179947592090   0.755075927734375   0.559802490234375   1.704934194567870    -236154.96781551
        73  14.292285443627501   0.567613427734375   0.247364990234375   0.331362410192871    -236154.95464534
        79  11.687737008058800   0.942538427734375   0.372339990234375   3.078505978942870    -236154.95534313
        88   4.609336313988970   0.333285302734375   0.262986865234375   0.576643085974121    -236155.25751341
       104   4.383243367779370   0.551991552734375   0.169255615234375   3.029449843786620    -236155.26769162
       118   3.451772976108390   0.544180615234375   0.786319677734375   2.710584965271000    -236130.98745813
       136   3.629819563152090   0.387961865234375   0.442638427734375   1.435125451208500    -236155.89758312
       151  11.255073132326199   0.591046240234375   0.864429052734375   0.601171153552246    -236154.95827862
       161   7.157527207417600   0.184877490234375   0.833185302734375   0.110609801989746    -236155.03773575
       170   3.539676973431040   0.247364990234375   0.645722802734375   1.091732505114750    -236156.22150978
       188   4.194528246117000   0.626195458984375   0.024753271484375   2.551152526013180    -236155.61605726
       204   4.877660414548030   0.469976708984375   0.430922021484375   0.294570308825684    -236155.35558122
       216   3.344956439518370   0.610573583984375   0.696493896484375   0.049289633044434    -236153.93848222
       232   5.816495620493720   0.266892333984375   0.852712646484375   2.698320931481930    -236155.13681134
       246  10.242195177292000   0.758981396484375   0.719926708984375   1.398333349841310    -236154.95742144
       254   7.574189589880050   0.571518896484375   0.032564208984375   2.771905134216310    -236154.97963778
       268   8.807742508121180   0.540275146484375   0.126295458984375   1.496445620153810    -236154.96466541
       277   3.141137522017800   0.868334521484375   0.673061083984375   1.937950836560060    -236055.60064678
       296   7.386092894495810   0.712115771484375   0.579329833984375   2.232287647497560    -236154.98299747
       304   9.060479702355011   0.745312255859375   0.686730224609375   0.374286528454590    -236154.97282491
       315   3.664211761052340   0.807799755859375   0.749217724609375   2.140307394079590    -236134.36478378
       331   5.761902141319760   0.089193505859375   0.842948974609375   1.453521501892090    -236155.19255238
       342  10.804409497458501   0.261034130859375   0.358670849609375   1.796914447985840    -236154.95466730
       352   7.598036010769250   0.979640380859375   0.327427099609375   2.091251258923340    -236155.01633830
       366  12.564044730681299   0.792177880859375   0.514889599609375   2.679924880798340    -236154.95304519
       375   3.528567704298780   0.112626318359375   0.319616162109375   2.753509083532710    -236155.13264154
       392  12.407056808614101   0.268845068359375   0.725784912109375   2.262947731970210    -236154.95450164
       399   3.272157773853390   0.815610693359375   0.460213037109375   0.349758460876465    -236151.70080791
       415   6.292030224960230   0.034516943359375   0.116531787109375   2.410116137438960    -236154.98313615
       428  10.404445185723100   0.471929443359375   0.054044287109375   1.428993434313960    -236154.95602711
       438  11.872886323735100   0.093098974609375   0.245412255859375   2.594076644274900    -236154.95288705
       446   7.180061817132420   0.280561474609375   0.557849755859375   0.828055778649902    -236155.00876301
       456  11.290508370362900   0.999167724609375   0.526606005859375   1.514841670837400    -236154.95644503
       465   6.658309280293860   0.671108349609375   0.042327880859375   1.956346887243650    -236155.03289012
       479   4.682354338236810   0.702352099609375   0.136059130859375   0.092213751306152    -236155.50727097
       491   6.331711987449850   0.264939599609375   0.698446630859375   0.680887373181152    -236155.08228767
       502   9.832088121268940   0.397725537109375   0.940585693359375   0.754471575915527    -236154.96500364
       512  12.643282023111000   0.866381787109375   0.971829443359375   0.067685683728027    -236154.95322905
       521   6.252597153863620   0.803894287109375   0.534416943359375   1.048808386853030    -236155.11891916
       532   9.587918991041681   0.225884912109375   0.143870068359375   0.214854089196777    -236154.95311108
       540  12.965260043334700   0.413347412109375   0.581282568359375   1.588425873571780    -236154.95478339
       547   4.509020049987680   0.382103662109375   0.799988818359375   0.901639981384277    -236155.83133255
       561   4.962722917868070   0.021824169921875   0.006202294921875   0.561313043737793    -236154.99937986
       578   8.629605987233621   0.365505419921875   0.912271044921875   1.444323476550290    -236154.97848819
       586  14.269839663576599   0.053067919921875   0.349883544921875   2.817895260925290    -236154.95356351
       592  11.379585324705401   0.849783544921875   0.334261669921875   1.591491882019040    -236154.95705811
         1   7.636946676103160   0.792421972656250   0.120681347656250   3.129861620434570    -236154.99258895
        14   5.647586382737060   0.479984472656250   0.308143847656250   0.186493511059570    -236155.11046912
        28   3.502322727228740   0.995506347656250   0.948640722656250   3.080805485278320    -235860.57317096
        44   5.507334765995230   0.151925097656250   0.604959472656250   0.431774186840820    -236155.14081861
        59  10.050831514893900   0.536369677734375   0.091146240234375   1.606821924255370    -236154.95726895
        69  10.569265450313200   0.380150927734375   0.684777490234375   0.527586950817871    -236154.95975766
        80   3.408643022452330   0.020847802734375   0.950349365234375   2.342663951599120    -236151.08968836
        98   3.963783806518040   0.114579052734375   0.856618115234375   0.478530815661621    -236156.42927315
       112   4.220981754391340   0.919105615234375   0.661344677734375   0.748339559020996    -236155.01695075
       125   6.979777865542550   0.606668115234375   0.723832177734375   1.729462262146000    -236155.01643871
       135  13.421410680263200   0.825374365234375   0.130200927734375   1.631349991833500    -236154.95542659
       140   6.637412189876900   0.762886865234375   0.317663427734375   2.612472694958500    -236155.01891925
       153   8.323221367740320   0.653533740234375   0.052091552734375   0.797395694177246    -236154.97398330
       160   3.200943477318000   0.684777490234375   0.333285302734375   1.680406126989750    -236150.82624859
       177   6.936034579676150   0.813657958984375   0.087240771484375   1.570029822888180    -236155.04116069
       187   7.670026685123520   0.251270458984375   0.899578271484375   2.158703444763180    -236155.00399080
       197   8.065655854038321   0.657439208984375   0.368434521484375   0.098345768200684    -236154.98951855
       206   3.261888113196270   0.719926708984375   0.180972021484375   1.079468471325680    -236154.73237458
       222   4.090361735307100   0.985498583984375   0.821468896484375   2.796433201794430    -236139.94340261
       234   3.889725055142990   0.516842333984375   0.602762646484375   1.913422768981930    -236155.03992262
       247   4.142117554534370   0.446543896484375   0.907389208984375   1.594557890466310    -236155.47536337
       261   4.355772942308470   0.602762646484375   0.313757958984375   0.515322917028809    -236155.72858603
       275   4.697096165197560   0.118484521484375   0.923011083984375   2.722848999060060    -236155.74473310
       289   3.652711639737130   0.649628271484375   0.891767333984375   2.820961269372560    -236126.70589322
       302   9.032043404852050   0.837090771484375   0.954254833984375   1.054940403747560    -236154.96033873
       311   6.700301044159660   0.432874755859375   0.624242724609375   0.178061987829590    -236155.05794344
       321   3.484478199394470   0.151681005859375   0.030611474609375   0.079949717517090    -236155.28479941
       335   5.908636655411410   0.635959130859375   0.733595849609375   2.974261691735840    -236155.05055765
       347   5.343202813122360   0.323521630859375   0.171208349609375   2.385588069860840    -236155.02785059
       358   9.291216888436031   0.604715380859375   0.202452099609375   0.913904015173340    -236154.96295042
       365   5.618811618030290   0.292277880859375   0.014989599609375   1.110128555798340    -236155.03542589
       378  11.798477213513600   0.362576318359375   0.569566162109375   0.398814596032715    -236154.95643123
       387   5.017624339068030   0.206357568359375   0.663297412109375   0.104477785095215    -236155.32963935
       400   7.316767215440570   0.315710693359375   0.960113037109375   1.919554785876460    -236155.02979148
       412   9.894095863071801   0.628148193359375   0.397725537109375   2.115779326501460    -236154.95533372
       421   5.145404827391100   0.409441943359375   0.491456787109375   0.447870731188965    -236155.25697062
       435   3.550821218755060   0.343048974609375   0.995262255859375   0.239382156774902    -236149.43025775
       452  12.485304029919799   0.061855224609375   0.089193505859375   0.926168048962402    -236154.95352774
       460   9.232987477095580   0.374292724609375   0.651581005859375   2.692188914587400    -236154.95382644
       467   5.444935178025700   0.796083349609375   0.417252880859375   1.563897805993650    -236155.24715323
       483   3.829067527353080   0.077477099609375   0.011084130859375   2.054459157556150    -236155.43375572
       498  12.023115324992601   0.772650537109375   0.815610693359375   1.931818819665530    -236154.95307342
       505   3.251650683848670   0.085288037109375   0.878098193359375   1.735594279040530    -236149.83363025
       519   4.181363727569470   0.054044287109375   0.784366943359375   0.263910224353027    -236156.00736904
       534  14.337282977701999   0.975734912109375   0.393820068359375   0.999752251696777    -236154.95520508
       542   8.670391955478291   0.663297412109375   0.831232568359375   2.373324036071780    -236154.95789521
       554   9.117621163971741   0.819516162109375   0.612526318359375   2.275211765759280    -236154.95612689
       563   6.068638648430940   0.396749169921875   0.381127294921875   2.523558449987790    -236154.99779728
       574  12.271302314919200   0.459236669921875   0.068689794921875   1.934884828112790    -236154.95442320
       583   4.267677469830310   0.303017919921875   0.599833544921875   0.463200773425293    -236155.79721109
       598  13.915463838608099   0.724808544921875   0.209286669921875   1.199042800769040    -236154.95505071
         3  11.419898904362300   0.042571972656250   0.370631347656250   2.344963457934570    -236154.95367395
        13   8.445111414267430   0.230034472656250   0.558093847656250   2.541187998559570    -236154.96034877
        23   7.081993751819140   0.933018847656250   0.511228222656250   2.099682782153320    -236155.02395941
        36   4.072720440347470   0.464362597656250   0.167546972656250   2.197795052465820    -236155.43693845
        49  11.114440829462501   0.098957177734375   0.903483740234375   1.018148302380370    -236154.95910254
        56   3.005899731211280   0.786319677734375   0.840996240234375   0.821923761755371    -236065.79263432
        74   4.274390323798830   0.817563427734375   0.997214990234375   2.686056897692870    -236148.94301359
        87   9.320469162341420   0.895672802734375   0.075524365234375   2.735113032849120    -236154.96690875
        94   5.636501767603480   0.208310302734375   0.138011865234375   2.538888492224120    -236154.99305331
       105   9.801230132279780   0.052091552734375   0.669155615234375   1.459653518786620    -236154.96004945
       114   6.311839921986100   0.169255615234375   0.911294677734375   1.533237721521000    -236155.11951027
       124   3.121451555040310   0.106768115234375   0.223932177734375   0.159665937145996    -236154.86469499
       139  12.137033208358501   0.138011865234375   0.692588427734375   2.220023613708500    -236154.95498607
       148   3.366051978195940   0.840996240234375   0.114579052734375   2.955865641052250    -236149.42480219
       164   5.853178342839640   0.059902490234375   0.458260302734375   0.503058883239746    -236155.03681519
       178   4.638405880139640   0.563707958984375   0.837090771484375   2.354927985388180    -236155.30832034
       194   4.410887040176940   0.282514208984375   0.743359521484375   1.275693011950680    -236155.77503365
       211   6.763785764403420   0.548086083984375   0.758981396484375   1.030412336169430    -236155.05905538
       220   6.116517435645390   0.235648583984375   0.571518896484375   2.011535039294430    -236155.04101009
       235   8.697689637083849   0.016942333984375   0.102862646484375   0.343626443981934    -236154.95322842
       243   3.063130815078700   0.509031396484375   0.469976708984375   2.183231512341310    -236141.71640804
       259   6.513399760557350   0.352812646484375   0.063807958984375   1.300221079528810    -236155.00609860
       271   3.841122883874970   0.743359521484375   0.798036083984375   1.545501755310060    -236150.15769183
       285   5.194157052679920   0.555897021484375   0.110673583984375   0.171929970935059    -236155.15927178
       298  11.044785007771001   0.462165771484375   0.829279833984375   3.017185809997560    -236154.95289710
       307   4.954929049804960   0.620337255859375   0.061855224609375   0.766735609704590    -236155.27318985
       322   7.791530119962110   0.651581005859375   0.530511474609375   1.649746042517090    -236154.98493271
       334   8.616053344538450   0.339143505859375   0.093098974609375   2.238419664392090    -236154.95885655
       345   6.533906412822480   0.198546630859375   0.296183349609375   0.423342663610840    -236154.99836141
       359   4.594869921146470   0.167302880859375   0.389914599609375   2.287475799548340    -236155.17248839
       371   3.901971384563130   0.924963818359375   0.757028662109375   2.557284542907710    -236136.29368828
       383   4.103239745075900   0.581282568359375   0.538322412109375   2.066723191345210    -236155.21717271
       398  10.146062195237199   0.143870068359375   0.850759912109375   1.085600488220210    -236154.96190939
       408  12.098941153803599   0.003273193359375   0.272750537109375   0.153533920251465    -236154.95291278
       417   4.207734211560770   0.784366943359375   0.366481787109375   1.625217974938960    -236155.79241002
       429   3.111654885550820   0.221979443359375   0.803894287109375   2.213891596813960    -236139.27388514
       445   3.211021261151750   0.780461474609375   0.057949755859375   2.397852103649900    -236149.90736136
       458   7.550418010935320   0.249317724609375   0.776556005859375   0.729943508337402    -236155.01152907
       466  14.888432165954800   0.171208349609375   0.542227880859375   0.386550562243652    -236154.95433723
       474   9.003696354612170   0.483645849609375   0.229790380859375   1.760122346618650    -236154.96073657
       484   8.562055281598511   0.577377099609375   0.510984130859375   0.484662832556152    -236154.97768435
       494   9.468117803476931   0.014989599609375   0.448496630859375   3.035581860681150    -236154.95423181
       504  10.872549349968800   0.335238037109375   0.128248193359375   0.950696116540527    -236154.95452172
       513   3.781223272779050   0.616431787109375   0.221979443359375   2.422380171228030    -236155.23040500
       531   4.287847725346080   0.725784912109375   0.643770068359375   1.784650414196780    -236155.23175917
       544   8.245099824796331   0.257128662109375   0.425063818359375   1.294089062634280    -236154.97095368
       553   4.077524143146310   0.319616162109375   0.112626318359375   0.705415440759277    -236155.41026365
       566   9.074731406603201   0.146799169921875   0.631077294921875   0.168863962487793    -236154.96397828
       575   5.770965339728970   0.115555419921875   0.162421044921875   2.229221639050290    -236155.00349695
       588  11.669381624994999   0.427992919921875   0.224908544921875   0.070751692175293    -236154.95470683
       596   9.305831531319150   0.474858544921875   0.459236669921875   0.414144638269043    -236154.96443260
         6   4.176437692079320   0.167546972656250   0.995506347656250   1.952514376684570    -236156.32201483
        20   4.736014661432650   0.683068847656250   0.261278222656250   1.314784619653320    -236155.47275920
        32   4.980303973763860   0.839287597656250   0.042571972656250   0.235549646215820    -236155.46987391
        43  10.070597249689801   0.776800097656250   0.479984472656250   0.824223268090820    -236154.96229593
        52   4.064726841742960   0.223932177734375   0.278608740234375   1.410597383630370    -236155.50147341
        64   3.865347580915800   0.255175927734375   0.059902490234375   0.135137869567871    -236155.33920699
        78   5.226914890631900   0.442638427734375   0.872239990234375   1.508709653942870    -236155.37187890
        89  10.306789329237700   0.833185302734375   0.762886865234375   2.146439410974120    -236154.95179958
        97  13.253709958157399   0.364529052734375   0.106768115234375   2.833225303161620    -236154.95329933
       102   4.847091405335550   0.739454052734375   0.981593115234375   1.655878059411620    -236155.30946053
       119   7.718399017475120   0.044280615234375   0.286419677734375   1.140788640271000    -236154.97239381
       130   3.282459767296420   0.950349365234375   0.505125927734375   2.023799073083500    -236110.36033067
       145  13.763204783372000   0.965971240234375   0.739454052734375   2.563416559802250    -236154.95302762
       154   5.566073595848940   0.903483740234375   0.801941552734375   1.582293856677250    -236155.25929491
       166   3.914256270071970   0.809752490234375   0.208310302734375   1.287957045739750    -236156.26660575
       179  10.371790855226999   0.063807958984375   0.337190771484375   0.785131660388184    -236154.95412513
       186   3.430140211434710   0.751170458984375   0.399678271484375   0.588907119763184    -236155.55376628
       199  12.060968651086000   0.407489208984375   0.118484521484375   0.883243930700684    -236154.95441881
       207   7.293803556105390   0.220026708984375   0.680872021484375   2.649264796325680    -236154.98773015
       218   5.001876535071870   0.360623583984375   0.946443896484375   0.834187795544434    -236155.61081631
       230   3.517493301585570   0.454354833984375   0.040375146484375   2.109647309606930    -236155.73991697
       244   6.849368726490300   0.009131396484375   0.969876708984375   0.613435187341309    -236155.07669091
       252  11.326055171965599   0.321568896484375   0.282514208984375   1.987006971716310    -236154.95398457
       262   9.739804393556019   0.102862646484375   0.813657958984375   2.085119242028810    -236154.96182467
       270  13.170647024829300   0.290325146484375   0.376245458984375   0.711547457653809    -236154.95451356
       274  12.843568444072300   0.993309521484375   0.048186083984375   2.330399917810060    -236154.95673808
       283   3.473542171504600   0.305947021484375   0.360623583984375   0.956828133435059    -236156.14222459
       295   3.303161160044160   0.212215771484375   0.079429833984375   0.662491322497559    -236155.52083835
       309   3.313560763903110   0.370387255859375   0.311805224609375   1.551633772204590    -236155.68913325
       323   4.260975158279530   0.276656005859375   0.405536474609375   2.827093286267090    -236155.14821758
       336  13.212113215846900   0.136059130859375   0.233695849609375   1.404465366735840    -236154.95408999
       343   4.369486567198310   0.948396630859375   0.046233349609375   1.208240826110840    -236156.21062877
       357   4.155158511247410   0.104815380859375   0.702352099609375   2.483700340173340    -236155.69710890
       368  10.669408243282200   0.799988818359375   0.382103662109375   2.949733624157710    -236154.95351456
       377   5.276439416079740   0.862476318359375   0.069666162109375   1.968610921032710    -236155.34762126
       391   5.548604484952550   0.768745068359375   0.225884912109375   0.693151406970215    -236155.23021675
       401   4.893017139095210   0.065760693359375   0.210263037109375   1.134656623376460    -236155.09342408
       413   6.616580684936590   0.878098193359375   0.647675537109375   1.330881164001460    -236155.06973120
       427   4.653009340689470   0.971829443359375   0.553944287109375   2.998789759313960    -236155.38825501
       440   8.780099425799030   0.155586474609375   0.932774755859375   2.005403022399900    -236154.97720744
       449   4.566073201200420   0.936680224609375   0.964018505859375   0.533718967712402    -236153.08781657
       464   9.956494667281371   0.921058349609375   0.792177880859375   1.171448724743650    -236154.95617144
       473   4.026575419535980   0.983545849609375   0.729690380859375   0.190326021618652    -236149.43369588
       486  12.803258930087100   0.327427099609375   0.760934130859375   1.269560995056150    -236154.95571587
       493   4.234271005510080   0.514889599609375   0.948396630859375   1.465785535681150    -236155.29501212
       508   8.891195037406341   0.960113037109375   0.003273193359375   2.912941522790530    -236154.97789456
       518  10.339239010282000   0.741406787109375   0.596904443359375   2.814829252478030    -236154.95064559
       524  11.433368476146800   0.179019287109375   0.409441943359375   0.656359305603027    -236154.95469303
       533   6.411827870158440   0.475834912109375   0.893720068359375   2.569548576696780    -236155.05730714
       545   5.513830571395340   0.007178662109375   0.675013818359375   2.078987225134280    -236155.15637646
       558  11.149433303683301   0.444591162109375   0.737501318359375   0.312966359509277    -236154.95896888
       565   4.058343260543410   0.646699169921875   0.131177294921875   1.738660287487790    -236155.83372022
       577   3.859277121298710   0.865405419921875   0.412371044921875   3.014119801550290    -236152.32562474
       589   3.489959118108310   0.178042919921875   0.974758544921875   2.425446179675290    -236149.81072177
       573   3.685125085634940   0.675849406326607   0.404816820961297   0.096157060835908    -236156.61157845
       574   3.122387364473570   0.322812004262709   0.779109263372623   1.377853122854460    -236147.71493049
       575   3.178703636003770   0.888337552430399   0.234518099982773   0.381982952062608    -236147.97903353
       576   3.000000000123470   0.002763193603136   0.596118624631866   0.263277208648589    -236148.73037573
       577   3.006666770374750   0.592838756694617   0.244601481901845   0.093406763078990    -236153.43305158
       578   3.052597825866870   0.407495770387435   0.506606708838710   0.062222398393087    -236155.50786898
       579   3.029282345790750   0.471142192912843   0.176191348616019   2.955371694887510    -236147.52451211
       580   3.000000000142870   0.489728920776644   0.421573619765665   0.403907051717935    -236155.01551250
       581   3.000000000000110   0.304294402054036   0.390625627982142   2.053144038551000    -236151.30483312
       582   3.249349555514780   0.707479769504641   0.707479768845353   0.024465768494180    -236148.28192232
       583   3.000000000084010   0.424764613989431   0.387008460924133   1.331439554355740    -236153.87616049
       584   3.000000000028450   0.500666281868229   0.500666282918338   0.973111446388727    -236152.88647514
       583   3.756789050006200   0.487995915426555   0.965852320838612   2.739657155853300    -236146.55103846
       584   3.154423301435240   0.227982293422004   0.479890681915029   0.081609054412624    -236155.53266251
       585   3.696264994732760   0.995980558016626   0.452917574347215   2.347380664986190    -236147.48127922
       586   3.000000000098190   0.120360431772217   0.634463827144609   0.565529153937121    -236151.38452745
       587   3.000000000585160   0.650083762480973   0.084041838148100   0.841269576923430    -236151.27414100
       588   3.000777252704180   0.030100538918506   0.026676775569485   3.140592649969830    -236153.88899055
       589   3.080172604327400   0.316666747511012   0.574715202064086   2.028590807511380    -236148.38232572
       590   3.097076757704680   0.606787979490407   0.644233188030097   0.927122210973021    -236147.83463607
       591   3.382881317575160   0.512405570361192   0.503541447611371   3.038560162012350    -236146.03477136
       592   3.127562907676700   0.766222367215059   0.353956554644095   1.335803360311870    -236148.03657866
       593   3.066972057868830   0.462971979023409   0.372603993112622   2.191335391581260    -236148.13107971
       594   3.000573521780920   0.317824698948393   0.696233322014713   1.311078662318450    -236148.55600026
       592   4.500941348828000   0.999848580320484   0.996541351556065   1.132646937842870    -236147.21880581
       593   3.326126112463500   0.541625542938005   0.421587926343140   2.953525762117200    -236146.27622383
       594   3.000000000036680   0.070783018467602   0.169231353415052   1.325466856147940    -236155.66674246
       595   3.902139952300810   0.789974665553471   0.677240658151442   3.099628200485140    -236147.06378775
       596   3.352292638839750   0.689747127645353   0.639790962946409   1.197849628951990    -236149.15767705
       597   3.000000000000610   0.451804691819337   0.189949008678377   0.081923570452866    -236154.17878070
       598   3.699885354671160   0.953522597290702   0.459432464755718   2.425603346824080    -236146.79347047
       599   3.305049406667490   0.483596183165302   0.491874750489032   0.028742823928628    -236156.57903707
       600   3.000000000047090   0.081299752626707   0.128681366207580   1.698101243701810    -236155.66901906
       601   3.000000000006820   0.165371969013970   0.286930663601337   2.710410817644950    -236151.80836931
       602   3.000000000021710   0.039855842867802   0.016809754837024   1.996182783264800    -236155.48344757
       603   3.000000000637580   0.315072031017557   0.234764660247704   0.605910327274345    -236155.17293580
       600   3.039390931120900   0.788629894550091   0.338631158215328   0.067141267512709    -236148.70315813
       601   4.118969057530910   0.925645459660426   0.873580064508682   0.772883860338022    -236148.47112960
       602   3.509340320301860   0.752344103907598   0.752344102643343   0.223716910872214    -236150.24650513
       603   3.438538235488490   0.048592668155479   0.000100000087896   1.254081633021690    -236155.74920662
       604   3.367433322149410   0.509311079206126   0.496807586450248   2.924085763683740    -236146.14227377
       605   3.000000000012400   0.544559046598951   0.064631492528571   1.338309862742320    -236153.99372627
       606   3.000000000010560   0.396661785532443   0.323784214299487   0.991921085492073    -236155.25207165
       607   3.011438162885750   0.422445754833564   0.747028578805557   0.310584874830315    -236149.02310576
       608   3.697404608587610   0.999899999998614   0.449957212252593   2.344890487732750    -236148.35354688
       609   3.760699530921510   0.508680089728647   0.998689767291973   2.140278757833880    -236147.67429862
       610   3.136165592496020   0.097501861630585   0.097501861456914   1.693320268344140    -236155.86586565
       611   4.385514833117030   0.985604927254364   0.996017238838370   1.326880585195720    -236143.27966717
       609   3.515824271837780   0.163194569148693   0.415295791163206   0.021338280127202    -236155.85649442
       610   4.102751757968410   0.928200577166090   0.701323578204060   1.191905379486730    -236152.99841279
       611   3.388723436771480   0.403497989998549   0.191320307808672   0.157682412441711    -236155.89437780
       612   3.783197219102740   0.904926755810845   0.549527736048717   2.310055523507800    -236147.42521815
       613   3.783665496654820   0.634294794659474   0.880954855754837   0.930688367830410    -236152.23703923
       614   3.365360154901520   0.984400215640855   0.057035761754264   1.576644791553410    -236148.65415466
       615   3.516912670393030   0.572408768680299   0.572408479094738   2.001804030708150    -236151.69145928
       616   4.295664564011620   0.840498183065342   0.849246773998596   1.576463308062170    -236153.34398979
       617   3.169708702565700   0.026576261341484   0.000100000031599   0.010809025142165    -236154.75918304
       618   3.890541614269680   0.687229817346464   0.772994156016126   3.091010782134810    -236146.85737980
       619   3.960189191179970   0.776679160409778   0.792164976267337   2.254865480135830    -236147.93454249
       620   3.419878938061420   0.554832399114731   0.498761204502207   2.977095762488570    -236146.03605838
       618   3.254619435227670   0.605945254037099   0.576869866818295   1.270559255917500    -236151.34753263
       619   3.907276526574270   0.635978703436669   0.649261649768770   0.669028276589691    -236156.06936446
       620   3.469780834071640   0.639768882187135   0.498479745959487   2.407602753968400    -236147.92284069
       621   4.934552183515450   0.868207654677155   0.886615207158440   0.418372484994186    -236155.45482812
       622   4.354974984438770   0.953093683454051   0.905340472206086   2.745399700783320    -236147.83419619
       623   3.987181782209440   0.644029618609096   0.686222400452586   2.523979894304800    -236153.01996398
       624   3.645391129526070   0.818877862075534   0.785097118595434   0.109780307141570    -236148.54667358
       625   3.748947296665790   0.895030890394877   0.693095433037398   1.122039679746670    -236147.83173886
       626   4.529014307313920   0.998971986201163   0.998416418209884   2.232997520270620    -236148.09927000
       627   3.374560936709700   0.365576005149450   0.631129910561912   2.910416154174900    -236147.05541740
       628   3.520314608151890   0.669333236358956   0.843949500038175   0.594205704095157    -236148.37553857
       629   3.409006042478120   0.597304824168228   0.442114041816041   2.976689133580650    -236146.28819483
       628   3.358554800626470   0.724244397728010   0.132818753258459   3.130700772493680    -236151.12270916
       629   4.543048364975010   0.862198751255651   0.891597268038536   2.997762812808870    -236153.49672559
       630   3.977374735733320   0.745340789493544   0.756784518871139   1.233953741366550    -236154.05783453
       631   3.188257516906060   0.664394364594464   0.434752800612980   1.659729872374950    -236148.56095445
       632   3.241380864029100   0.888753520517256   0.083515216788084   0.195042774009786    -236148.93817675
       633   5.305877249570940   0.963193705593891   0.999899999994302   0.376959067647597    -236155.30756796
       634   3.919045745357860   0.353707442768838   0.897677274336315   0.246709854604897    -236156.33565313
       635   5.760862416428350   0.999671347094313   0.990828779339349   2.973484121063970    -236155.27882363
       636   3.741912980596110   0.889195253396641   0.351330294499975   0.234459207117214    -236156.05408774
       637   3.293159284357710   0.443590513519468   0.425201132582638   3.007710031876310    -236148.34133366
       638   3.000000000003450   0.558504004952404   0.576921254461057   0.947808846776064    -236149.62578594
       639   3.487762354716470   0.608895989326400   0.641979825342977   0.027380167964766    -236155.84821318
       640   3.422352666332760   0.904932742333095   0.259619060166850   1.229078310387900    -236152.15564874
       641   3.376204606110260   0.750639117618476   0.113973241136702   0.404762757654934    -236155.01014541
       642   3.527553938407320   0.000100007210631   0.704877735593742   2.959854288332750    -236155.21275379
       643   3.000000000452730   0.062737172801022   0.039891208342383   0.828406580522061    -236154.99535941
       644   3.031020229180200   0.497204404460297   0.462805852083369   1.626700697463870    -236149.57175926
       645   3.914861245462380   0.943906935680949   0.594568824580906   2.782554338748990    -236147.28530487
       646   3.858452880941430   0.553843675682362   0.931974998624750   2.803743984618160    -236147.31460642
       647   3.125100370897670   0.302073541988983   0.302074351101189   1.064633497192220    -236155.90707420
       648   3.417894941436760   0.731139843011966   0.000100000077557   3.033741575465400    -236154.26544352
       649   3.365366590508210   0.497364192976821   0.895963795697147   0.388850662732097    -236148.17698203
       650   3.339280428414860   0.133769940237520   0.739548236529130   0.282565553443109    -236154.86542353
       651   4.251960113035630   0.863370785871390   0.867487711164937   0.045463568339443    -236153.85903764
       650   4.317732390261340   0.691644597754973   0.397973855162752   0.014272298090738    -236155.96788237
       651   3.258315039990950   0.178113607555677   0.842321322098349   2.012485599012310    -236148.27377222
       652   3.170051615993120   0.005234542421060   0.000100000912929   0.940709116137960    -236155.53155182
       653   3.169905272908870   0.000146450628717   0.000362322249032   2.198499554830040    -236155.53402734
       654   3.000000000143290   0.012739839308118   0.669461160800613   0.841769516723878    -236149.46170727
       655   3.000000000075480   0.058414776390455   0.288920229731108   0.122433760095022    -236153.72869828
       656   3.150729237169050   0.604911172493455   0.536771095329140   0.014270155370457    -236154.75175835
       657   3.934796554264580   0.610444559884801   0.931303799718501   2.976095171437960    -236147.14607621
       658   3.319562790234400   0.900597617360209   0.285574979327094   1.455963257784500    -236148.09429448
       659   3.585351343162660   0.928503772801973   0.565938065928413   0.064797116213169    -236149.75853055
       660   3.532425929833980   0.557098421552986   0.912932050819985   0.122655515533603    -236149.84701943
       661   3.182002029655890   0.452802437524510   0.445283971475169   1.712406889310000    -236152.94057775
       661   4.297518516051660   0.799901122030945   0.880963806631133   2.949635618307960    -236151.34326054
       662   3.172251059732730   0.264835732107127   0.268631721088067   2.517706873898160    -236153.47020139
       663   3.489296665373250   0.487144270565571   0.782829904720706   0.259129064564088    -236155.18769796
       664   3.331002963243300   0.787932240655742   0.453031458087221   1.357876548696920    -236149.69287298
       665   3.488162991841370   0.415483452305397   0.390428909454964   2.088611118028230    -236154.68339433
       666   3.275415334542870   0.844483754953410   0.243850928643885   0.462723017333146    -236152.69355112
       667   4.822035680902330   0.895016574307502   0.918077007908110   2.707422814395410    -236154.77632597
       668   3.971686698740170   0.626696185046249   0.960740778078996   3.058852253476190    -236147.31694766
       669   3.306078034612910   0.356340552674209   0.336163315291303   3.140592607219840    -236152.19590159
       670   3.742722313489330   0.746049690029052   0.728008691439726   0.086240426204921    -236154.46886766
       671   3.062388617125270   0.647725290211139   0.647725439815965   0.014508774205664    -236148.93960119
       672   3.105428992266570   0.409153256861928   0.292325845470772   1.384358771303220    -236155.27768972
       672   3.057499402164410   0.717600069711869   0.444692629998286   0.912300755906905    -236149.06008991
       673   3.329965638462670   0.663795123988283   0.350509660838287   0.442267780168465    -236156.05965501
       674   3.856337181979880   0.436748233073547   0.842799284357033   2.293777178092280    -236153.26214373
       675   3.000000004861490   0.635437693297731   0.179824453569362   1.827252858694730    -236149.73610524
       676   3.133026882667770   0.454345287963714   0.448613314269473   1.996557233787190    -236149.87179413
       677   3.870485855470680   0.962949404422339   0.556048665036679   2.731579857405900    -236147.46982340
       678   3.000000000180490   0.533322986067633   0.533322788063247   0.323908819477318    -236153.74233217
       679   3.000000002037110   0.013155051777953   0.501070615945467   0.451946559853690    -236151.74251219
       680   3.542889094513400   0.601108625494674   0.473088741165453   3.100767248010690    -236149.15609573
       681   3.282085797529900   0.436210884855779   0.422175908774202   1.299028480405820    -236155.54838915
       682   3.199504149097560   0.381220781762647   0.381774937586126   3.064652401917150    -236148.74580619
       683   3.982337906101860   0.778524880093403   0.718101185488043   3.112750419191140    -236148.51779999
       683   4.139883109919820   0.798303777870350   0.801014631481186   0.021943395371763    -236155.01902153
       684   3.005974738174460   0.037601651672014   0.566191155616254   0.699815136669554    -236152.01992911
       685   3.955194827506220   0.483558437038884   0.537380371775827   0.152575025767856    -236156.25642127
       686   3.199943955891310   0.612226534092745   0.612226533991676   1.267424712178200    -236148.73272638
       687   5.110760818451390   0.701977928749323   0.684770169060935   0.025106188824801    -236155.49288594
       688   3.740952777606180   0.860483454653781   0.564129013222417   2.144067830097050    -236147.97815628
       689   3.149435529151960   0.322787794738343   0.322787796940879   0.643075311944290    -236155.95817731
       690   3.003387146963250   0.712644398939378   0.059368255543781   0.840099876409826    -236148.94751722
       691   3.000000000256570   0.409773930783297   0.007811375245090   1.631767917648380    -236155.09767545
       692   3.123940045348460   0.670843371705711   0.605200916729879   0.700726870455295    -236149.15904628
       693   3.948942858864970   0.929829996448232   0.612788562526907   3.073087931854670    -236147.49499155
       694   3.965055634671900   0.698971670977960   0.952209554008078   1.724295622607380    -236147.71299650
       693   3.084818139741300   0.597117017354861   0.110552205181101   2.237757307002870    -236151.29488772
       694   4.065495779676530   0.571845120923780   0.999107860158652   0.422185676344503    -236153.06548979
       695   3.435440874716270   0.714024376128251   0.457756661432460   1.657081901199490    -236151.91793686
       696   3.310986416736090   0.326276043350398   0.492984858637178   1.902184559756620    -236154.19756708
       697   3.189273422227330   0.589679839731292   0.649370675362318   0.796153813271765    -236151.51669977
       698   3.000000000033270   0.368610417104664   0.254486830534345   2.639016451662040    -236148.71318134
       699   3.543384491463420   0.591535147485608   0.624846258184398   1.348710940207510    -236154.05358189
       700   3.371167930803080   0.199794193315471   0.194779205082270   3.129148658516940    -236154.67009991
       701   3.925486627410530   0.949015214065213   0.597477422360192   2.543130377175270    -236148.02519000
       702   3.561974095363070   0.406140974025990   0.828958608231909   1.733844717471270    -236152.02465300
       703   3.021049560527120   0.705304741117904   0.077803207152714   1.868964248889060    -236149.57217028
       704   3.915960441600280   0.583841304614008   0.958538453555046   2.714399459320790    -236147.80416861
       705   3.356674290410220   0.417863337327094   0.381883587792643   0.626151954458621    -236156.39279916
       706   3.746940557593890   0.999417929506296   0.000100002093857   0.676966884061672    -236155.55948227
       707   4.494446276643610   0.851715245184596   0.851715160423932   1.191312481540930    -236154.83055032
       708   3.969818600469680   0.875873872582090   0.239647633866541   3.118345809721420    -236155.19316796
       709   3.071432480596170   0.256313758839938   0.632670299623631   1.318131015939570    -236153.01619202
       710   3.485593354525640   0.871518316130630   0.304641825548981   2.371025032352290    -236148.15704354
       711   3.009020521176900   0.750071119371789   0.193558770056559   1.110676094091660    -236149.02873578
       712   3.345541673168810   0.643654706603661   0.305424721780474   1.600209171304540    -236154.40397565
       713   3.299527672493560   0.449840319548414   0.437913751268631   2.332118714027680    -236151.08501592
       714   3.630326439875070   0.969111147975587   0.338936792355871   3.102185692488960    -236148.23436902
       715   3.088515845868270   0.192531412127244   0.229229127392260   3.123833561241320    -236152.73218499
       716   3.022655473404800   0.623676676405724   0.609418594500524   0.526991094878470    -236149.22087478
       717   3.927413198651600   0.961738685622574   0.692338737393690   1.169124976009970    -236148.56179468
       718   3.010070988071320   0.735282015788353   0.273660412286032   0.631939713330642    -236150.10785441
       719   3.937006175359980   0.991334847158867   0.379424089654978   0.664034665814978    -236155.00781986
       720   3.827981425667600   0.787454056285920   0.787454054118047   1.545716358225270    -236148.48851099
       721   3.439284063878210   0.597842073784479   0.615742917201936   1.939733181087930    -236148.67650843
       722   3.452197191040690   0.097549401003097   0.881665084213448   0.151337990118653    -236154.18137043
       723   4.175754972445150   0.726739977970818   0.727165432223261   3.119779300086680    -236152.99286874
       724   4.091266964512140   0.779171824533324   0.749468491415192   2.341563502643720    -236151.76413617
       725   3.247657898425760   0.099075246504883   0.800368519666103   1.877404045678670    -236151.79853247
       726   3.303424204843280   0.821789943141331   0.015206829872626   1.675530030016170    -236153.38153431
       727   3.430632382350650   0.003240566080124   0.999547823577591   1.985516358367420    -236150.20160746
       728   3.486292609559800   0.999899999984103   0.011789989430016   0.786344993566571    -236151.73006868
       729   3.220391335438700   0.067099809681725   0.691373828714956   1.798732818095010    -236154.06301775
       730   3.449540162264140   0.437331469921790   0.404939919183482   0.022891194410137    -236156.51994638
       731   3.698142676481990   0.689426168452715   0.738439926513420   1.411906128523260    -236151.64705859
       732   4.446810862011830   0.980274937218401   0.819331521109963   2.472468692277040    -236152.43575956
       733   3.577711926320350   0.424840859913437   0.761013021098702   1.343196077064110    -236154.59727493
       734   3.336077127306340   0.969615936109420   0.174556033736303   0.294308336376961    -236148.57901417
       735   3.662643749927810   0.357948684238408   0.996591182418371   0.314033890154112    -236151.63755559
       736   3.367712458371280   0.728428759644625   0.018224551056295   1.349109430874980    -236155.33014261
       737   4.226004879125060   0.748218455038110   0.728320756565758   0.006555385513239    -236155.87690354
       738   3.395588192512420   0.883393682412780   0.213036739868702   1.924943882727420    -236150.45079210
       739   3.469764969968850   0.735457359390111   0.064921624384947   1.783425899465650    -236155.60832007
       740   3.384722675174150   0.125698125631436   0.906370925776535   1.806642349939060    -236151.53572962
       741   3.081410029276200   0.408219221695543   0.397882124898709   1.648110917753390    -236153.34349719
       742   3.066596360225080   0.265161066591917   0.774277727701300   1.066230325532210    -236149.22910896
       743   3.304733253530160   0.721354753121527   0.459320374515376   1.664668182095130    -236148.73060540
       744   3.278675927811710   0.275751039549174   0.620416628208745   0.030119273660887    -236155.97770039
       745   3.246700297987680   0.673357201051992   0.075252771813636   0.276614356616648    -236153.89245566
       746   3.168483848199720   0.373402321371232   0.364387756804243   0.015780300478106    -236156.09604303
       747   3.624480455799620   0.596524127885689   0.878501834111610   1.255180473000100    -236148.75867954
       748   3.371031042577470   0.406303638426118   0.798799664771205   1.744053490124050    -236148.54265690
       749   3.807391545373410   0.647173051561322   0.628830726884107   2.044894395295150    -236153.13000153
       750   3.888705972606270   0.686943142929743   0.694693997332876   1.141213771849270    -236154.99369337
       751   3.958306797539700   0.684382240659343   0.685287115205140   0.041317742644362    -236156.08933558
       752   3.966760003495130   0.826883964258699   0.825758292032223   0.017244516728477    -236152.76548818
       753   3.956826764040050   0.502579436504755   0.815201858744981   0.937583059991564    -236155.81328538
       754   3.807640522512680   0.660800848568519   0.634649801270173   2.682425813796060    -236150.49892647
       755   4.098054153220040   0.882349305885979   0.885409629231534   0.032070376011371    -236150.68646018
       756   3.105728479186600   0.694756618426056   0.452981595954934   0.191994790804274    -236153.13386824
       757   3.996324661358030   0.452182899817949   0.479449606539471   1.997507534954810    -236155.39854303
       758   3.008777094488540   0.190127223701665   0.523767127923605   0.501744882138043    -236154.05745802
       759   3.104841172609610   0.480698902321101   0.684684132837612   0.299540549564892    -236152.92671293
       760   3.000000003356130   0.213113554304860   0.291041999373539   1.937346891724100    -236154.21480790
       761   3.952028285763610   0.667193562218589   0.630627170501852   1.386892826624680    -236155.29658592
       762   3.393780622787670   0.248413804866005   0.257651500834353   0.494517181250612    -236155.85309834
       763   4.043534764138110   0.851979174380642   0.855719719479123   1.572155378932780    -236148.25643916
       764   3.973555632704450   0.751077737995062   0.732659889783980   0.910363486636351    -236154.83959901
       765   3.210268361347320   0.531588087247529   0.523220561377281   0.348898114386555    -236155.89539060
       766   3.954762495540710   0.399612938372782   0.427691328461582   1.229456160859210    -236155.84442804
       767   4.606774457337610   0.889282039947970   0.869156862927683   0.163949122857890    -236155.15206421
       768   3.088157895442060   0.292028985584356   0.292028987348991   1.987922694800360    -236154.11135543
       769   4.563539384338720   0.981688064342330   0.981688069136909   0.534265299620304    -236151.04995383
       770   3.516050474336670   0.978551559606889   0.367086638238579   0.720891195567777    -236149.31697096
       771   3.860002965378950   0.581895939202164   0.549462700508660   0.772930617757409    -236156.23221007
       772   4.066621478882360   0.910723707496121   0.554226412310625   1.723888636802700    -236154.16690257
       773   3.907879062686430   0.551926115673519   0.901459706069733   1.774423654075140    -236152.58794880
       774   3.684243922316350   0.872114607249470   0.536024664589482   0.062542087859090    -236154.47978131
       775   3.691589244733360   0.546170861769013   0.881318823618086   0.062378685726762    -236154.16850272
       776   3.775227261176900   0.800467581725207   0.782447367369222   0.744552200014718    -236151.07499460
       777   3.288003504887620   0.521827771027507   0.575839435571621   1.137337149998440    -236154.18694523
       778   4.261816254311770   0.833967571793542   0.832534637079956   0.866471185333642    -236154.40192181
       779   3.601694965382520   0.979890022520644   0.321501324731684   0.060476041668584    -236152.75481926
       780   3.000000000690760   0.217913656414842   0.189981890131202   1.671179953255800    -236155.34573560
       781   3.000000000138420   0.098857056041491   0.132211897519999   2.333808496036530    -236154.54505422
       782   4.066054761099880   0.980813668252279   0.572142504194478   2.809379981718460    -236151.86344456
       783   4.088816587996370   0.592124681861896   0.971109309944975   2.895339006671980    -236151.65423102
       784   3.000000005770070   0.338371187861346   0.434317394612886   0.671061880906776    -236155.25968271
       785   3.000000000382820   0.365035945097600   0.062110955097267   2.219337259497580    -236153.89695114
       786   4.848018380926700   0.999899999866408   0.938875482142110   0.146210652067940    -236154.49902263
       787   3.097369130819370   0.738341806723355   0.562130008437773   0.157737936198310    -236148.69222566
       788   4.367324908836690   0.960125754455225   0.959597217879696   0.529437573275871    -236148.49819597
       789   3.021369538775450   0.559196429789557   0.326695347134130   0.928799120787939    -236154.19576801
       790   4.346906113654770   0.571948622487783   0.931362117609405   0.236610252291401    -236155.79059526
       791   3.265209773268600   0.369304484987550   0.359072041215877   2.736277471600270    -236151.61387087
       792   4.355204285278700   0.909464839582375   0.882470788605677   1.301241626036660    -236152.49527820
       793   3.123159489697050   0.471196744479046   0.472304069992333   1.355013357629760    -236153.55449851
       794   3.206441746516020   0.616021551175774   0.667566014787007   0.486919088243533    -236151.83090067
       795   3.305502070419670   0.911168371277907   0.291608431256844   0.417739619858642    -236150.29447133
       796   4.060996785798870   0.753220331518575   0.934278660864992   1.866720304153370    -236148.32025060
       797   3.004573099470040   0.253147185576253   0.187890848406602   2.468597021044600    -236152.81378758
       798   3.706560029034020   0.256348931488840   0.999897881610014   0.226045625636236    -236153.64681331
       799   5.802696943870740   0.954884301060926   0.954153317914988   0.306720166841825    -236155.25253977
       800   4.263532832518670   0.804150341409771   0.979794979431398   0.333233454952424    -236151.86335608
       801   3.248207390356170   0.625282187394543   0.157510401570293   0.587006476894568    -236155.29281898
       802   4.802979039660600   0.970557266587090   0.970557244729876   2.709387381000670    -236154.03091437
       803   3.659988438757580   0.865773311685050   0.706932382911241   0.063782916956287    -236150.03068768
       804   3.859751647122220   0.637878955010699   0.335321931555449   0.016439465228421    -236156.36909373
       805   3.000000000164600   0.302969923870649   0.302969917281192   2.497688515316290    -236150.00183605
       806   4.189620764458340   0.941927490161992   0.706702042532607   1.827843943489110    -236152.42210056
       807   3.610027201292580   0.657880968038391   0.895159007148274   0.092254641486358    -236149.05235523
       808   4.111951584713290   0.699324366403849   0.940028211987679   1.832259452213350    -236151.38665659
       809   4.322356612961460   0.928184607542711   0.941031860583258   0.091033378193757    -236150.48566405
       810   3.498753871097370   0.029171957344280   0.031616907362290   1.536648069464720    -236155.76256316
       811   3.000000000211990   0.481366736284283   0.464420102047869   1.340604636045780    -236151.78061143
       812   4.343146297218770   0.938896858998958   0.794863004919961   0.178433409660943    -236154.25039334
       813   3.004027734056260   0.388005132848839   0.388005610444272   2.118760012970540    -236148.94452149
       814   3.538034340919520   0.523937317309289   0.515601242636269   2.535097635706100    -236151.32190326
       815   3.981551283385770   0.851545948100659   0.868201478961244   0.838386398856555    -236149.17034772
       816   3.000000000016930   0.257120538770007   0.137986755280920   1.067534860930150    -236155.46034455
       817   4.235994011303610   0.891010049228273   0.663346298895163   0.033042738835085    -236155.51955384
       818   3.147641946946320   0.807204507404949   0.114682651252306   1.825083031805250    -236148.89108592
       819   3.134703643877950   0.830586968840772   0.161510879996664   1.103977007677460    -236149.30540031
       820   4.356961912343040   0.721794761908558   0.975756950746898   0.239287589838617    -236154.46990305
       821   3.085452235396610   0.387548299718874   0.670953885652812   1.309856846435620    -236150.28962445
       822   3.150063866621380   0.150809060121219   0.825313456510218   1.045890582872500    -236150.09077234
       823   3.012038883061800   0.327470238295840   0.255609625840316   3.014323468967240    -236148.65095688
       824   4.129402516619920   0.966178083311822   0.735157903489866   2.427637182023010    -236148.42092947
       825   4.151851888556940   0.884241668695770   0.689263866535130   1.513238294117020    -236153.84982768
       826   3.313382088326410   0.461738737647893   0.471351759331058   1.640358611052860    -236154.18138424
       827   3.796918233397910   0.789504298245791   0.527437909045928   0.550349229589892    -236155.88167136
       828   4.287923491213920   0.894233384731076   0.500189530936996   0.188308609552535    -236156.06220646
       829   3.657222389493940   0.448485450517177   0.513504490099874   2.434890300262660    -236153.88617303
       830   3.096057436871420   0.155003177859171   0.155008841489535   2.552795437513220    -236154.29067003
       831   3.444848694201440   0.236295071172084   0.827221262682716   0.505145522689302    -236155.32001712
       832   3.788885466039780   0.549548836473883   0.831425610295892   2.578501027891500    -236148.47694724
       833   4.070868443614930   0.895431151044717   0.899007454526723   0.019845091939602    -236148.55336974
       834   4.077435674547070   0.582133593007240   0.975961488978714   0.042979512476541    -236154.33289012
       835   3.867881697359710   0.396305801139526   0.391261562469490   1.868033109858660    -236155.54580821
       836   4.230788328993960   0.994115774532090   0.732085257875196   1.052659621618760    -236152.04630082
